[ 0.01242  0.0114   0.01195  0.01219  0.01231  0.01236  0.01239  0.01241  0.01241  0.01242  0.01242  0.01242  0.01242
  0.01242  0.01242  0.01242  0.01242  0.01242  0.01242  0.01242  0.01242]
[ 0.01046  0.0103   0.01039  0.01043  0.01044  0.01045  0.01045  0.01046  0.01046  0.01046  0.01046  0.01046  0.01046
  0.01046  0.01046  0.01046  0.01046  0.01046  0.01046  0.01046  0.01046]
[ 0.01338  0.01189  0.01268  0.01304  0.01321  0.01329  0.01333  0.01336  0.01337  0.01338  0.01338  0.01338  0.01338
  0.01338  0.01338  0.01338  0.01338  0.01338  0.01338  0.01338  0.01338]
[ 0.01239  0.01141  0.01194  0.01217  0.01228  0.01233  0.01236  0.01237  0.01238  0.01239  0.01239  0.01239  0.01239
  0.01239  0.01239  0.01239  0.01239  0.01239  0.01239  0.01239  0.01239]
[ 0.01192  0.01117  0.01159  0.01177  0.01184  0.01188  0.0119   0.01191  0.01192  0.01192  0.01192  0.01192  0.01192
  0.01192  0.01192  0.01192  0.01192  0.01192  0.01192  0.01192  0.01192]
[ 0.01306  0.01166  0.01237  0.01271  0.01288  0.01297  0.01301  0.01303  0.01305  0.01306  0.01306  0.01306  0.01306
  0.01306  0.01306  0.01306  0.01306  0.01306  0.01306  0.01306  0.01306]
[ 0.01193  0.01124  0.01165  0.01181  0.01188  0.0119   0.01192  0.01192  0.01193  0.01193  0.01193  0.01193  0.01193
  0.01193  0.01193  0.01193  0.01193  0.01193  0.01193  0.01193  0.01193]
[ 0.01267  0.01145  0.01206  0.01235  0.0125   0.01258  0.01262  0.01264  0.01266  0.01267  0.01267  0.01267  0.01267
  0.01267  0.01267  0.01267  0.01267  0.01267  0.01267  0.01267  0.01267]
[ 0.01237  0.01143  0.01197  0.01219  0.01229  0.01233  0.01235  0.01236  0.01237  0.01237  0.01237  0.01237  0.01237
  0.01237  0.01237  0.01237  0.01237  0.01237  0.01237  0.01237  0.01237]
[ 0.01241  0.01137  0.01191  0.01215  0.01227  0.01233  0.01237  0.01238  0.01239  0.0124   0.0124   0.0124   0.01241
  0.01241  0.01241  0.01241  0.01241  0.01241  0.01241  0.01241  0.01241]
[ 0.01242  0.0114   0.01195  0.01219  0.01231  0.01236  0.01239  0.01241  0.01242  0.01242  0.01242  0.01242  0.01242
  0.01242  0.01242  0.01242  0.01242  0.01242  0.01242  0.01242  0.01242]
[ 0.01245  0.01143  0.01199  0.01223  0.01234  0.01239  0.01242  0.01244  0.01244  0.01245  0.01245  0.01245  0.01245
  0.01245  0.01245  0.01245  0.01245  0.01245  0.01245  0.01245  0.01245]
[ 0.01243  0.01138  0.01193  0.01218  0.0123   0.01236  0.01239  0.01241  0.01242  0.01243  0.01243  0.01243  0.01243
  0.01243  0.01243  0.01243  0.01243  0.01243  0.01243  0.01243  0.01243]
[ 0.01232  0.01138  0.0119   0.01213  0.01223  0.01228  0.0123   0.01231  0.01232  0.01232  0.01232  0.01232  0.01232
  0.01232  0.01232  0.01232  0.01232  0.01232  0.01232  0.01232  0.01232]
[ 0.01262  0.01147  0.01207  0.01234  0.01247  0.01254  0.01258  0.0126   0.01261  0.01262  0.01262  0.01262  0.01262
  0.01262  0.01262  0.01262  0.01262  0.01262  0.01262  0.01262  0.01262]
[ 0.01219  0.01132  0.01181  0.01201  0.01211  0.01215  0.01217  0.01218  0.01219  0.01219  0.01219  0.01219  0.01219
  0.01219  0.01219  0.01219  0.01219  0.01219  0.01219  0.01219  0.01219]
[ 0.01261  0.01146  0.01206  0.01233  0.01247  0.01253  0.01257  0.01259  0.0126   0.01261  0.01261  0.01261  0.01261
  0.01261  0.01261  0.01261  0.01261  0.01261  0.01261  0.01261  0.01261]
[ 0.01234  0.01138  0.01191  0.01213  0.01223  0.01228  0.01231  0.01232  0.01233  0.01233  0.01233  0.01233  0.01233
  0.01233  0.01233  0.01234  0.01234  0.01234  0.01234  0.01234  0.01234]
[ 0.01243  0.01139  0.01194  0.01219  0.01231  0.01236  0.0124   0.01241  0.01242  0.01243  0.01243  0.01243  0.01243
  0.01243  0.01243  0.01243  0.01243  0.01243  0.01243  0.01243  0.01243]
[ 0.01246  0.01142  0.01197  0.01222  0.01234  0.01239  0.01242  0.01244  0.01245  0.01245  0.01246  0.01246  0.01246
  0.01246  0.01246  0.01246  0.01246  0.01246  0.01246  0.01246  0.01246]
[ 0.01241  0.0114   0.01195  0.01218  0.01229  0.01235  0.01238  0.01239  0.0124   0.0124   0.0124   0.0124   0.0124
  0.0124   0.01241  0.01241  0.01241  0.01241  0.01241  0.01241  0.01241]
[ 0.01243  0.01139  0.01193  0.01218  0.0123   0.01236  0.01239  0.01241  0.01242  0.01243  0.01243  0.01243  0.01243
  0.01243  0.01243  0.01243  0.01243  0.01243  0.01243  0.01243  0.01243]
[ 0.01241  0.01141  0.01196  0.0122   0.01231  0.01236  0.01238  0.0124   0.0124   0.01241  0.01241  0.01241  0.01241
  0.01241  0.01241  0.01241  0.01241  0.01241  0.01241  0.01241  0.01241]
[ 0.01249  0.01142  0.01198  0.01223  0.01235  0.01242  0.01245  0.01247  0.01248  0.01249  0.01249  0.01249  0.01249
  0.01249  0.01249  0.01249  0.01249  0.01249  0.01249  0.01249  0.01249]
[ 0.01231  0.01136  0.01188  0.01211  0.01221  0.01226  0.01228  0.0123   0.0123   0.01231  0.01231  0.01231  0.01231
  0.01231  0.01231  0.01231  0.01231  0.01231  0.01231  0.01231  0.01231]
[ 0.01257  0.01145  0.01204  0.0123   0.01243  0.01249  0.01253  0.01255  0.01256  0.01256  0.01257  0.01257  0.01257
  0.01257  0.01257  0.01257  0.01257  0.01257  0.01257  0.01257  0.01257]
[ 0.01232  0.01136  0.01188  0.01211  0.01221  0.01226  0.01229  0.0123   0.01231  0.01231  0.01231  0.01232  0.01232
  0.01232  0.01232  0.01232  0.01232  0.01232  0.01232  0.01232  0.01232]
[ 0.01248  0.01141  0.01198  0.01223  0.01235  0.01241  0.01245  0.01246  0.01247  0.01248  0.01248  0.01248  0.01248
  0.01248  0.01248  0.01248  0.01248  0.01248  0.01248  0.01248  0.01248]
[ 0.01244  0.01141  0.01196  0.0122   0.01231  0.01237  0.0124   0.01242  0.01242  0.01243  0.01243  0.01243  0.01243
  0.01244  0.01244  0.01244  0.01244  0.01244  0.01244  0.01244  0.01244]
[ 0.0124   0.01139  0.01193  0.01217  0.01228  0.01234  0.01237  0.01238  0.01239  0.01239  0.0124   0.0124   0.0124
  0.0124   0.0124   0.0124   0.0124   0.0124   0.0124   0.0124   0.0124 ]
[ 0.01246  0.0114   0.01196  0.0122   0.01232  0.01239  0.01242  0.01244  0.01245  0.01245  0.01246  0.01246  0.01246
  0.01246  0.01246  0.01246  0.01246  0.01246  0.01246  0.01246  0.01246]
[ 0.01242  0.01141  0.01196  0.0122   0.01231  0.01236  0.01239  0.0124   0.01241  0.01241  0.01242  0.01242  0.01242
  0.01242  0.01242  0.01242  0.01242  0.01242  0.01242  0.01242  0.01242]
[ 0.01245  0.0114   0.01195  0.01219  0.01231  0.01238  0.01241  0.01243  0.01244  0.01244  0.01245  0.01245  0.01245
  0.01245  0.01245  0.01245  0.01245  0.01245  0.01245  0.01245  0.01245]
[ 0.01239  0.01139  0.01193  0.01217  0.01228  0.01233  0.01236  0.01237  0.01238  0.01238  0.01238  0.01239  0.01239
  0.01239  0.01239  0.01239  0.01239  0.01239  0.01239  0.01239  0.01239]
[ 0.01252  0.01143  0.012    0.01226  0.01238  0.01244  0.01247  0.01249  0.0125   0.01251  0.01251  0.01251  0.01252
  0.01252  0.01252  0.01252  0.01252  0.01252  0.01252  0.01252  0.01252]
[ 0.01234  0.01137  0.01189  0.01212  0.01222  0.01228  0.0123   0.01232  0.01233  0.01233  0.01233  0.01234  0.01234
  0.01234  0.01234  0.01234  0.01234  0.01234  0.01234  0.01234  0.01234]
[ 0.01252  0.01143  0.012    0.01226  0.01238  0.01244  0.01248  0.01249  0.0125   0.01251  0.01251  0.01251  0.01251
  0.01251  0.01252  0.01252  0.01252  0.01252  0.01252  0.01252  0.01252]
[ 0.0124   0.01139  0.01193  0.01217  0.01228  0.01233  0.01236  0.01238  0.01239  0.01239  0.0124   0.0124   0.0124
  0.0124   0.0124   0.0124   0.0124   0.0124   0.0124   0.0124   0.0124 ]
[ 0.01243  0.0114   0.01195  0.01219  0.01231  0.01236  0.01239  0.01241  0.01242  0.01242  0.01242  0.01243  0.01243
  0.01243  0.01243  0.01243  0.01243  0.01243  0.01243  0.01243  0.01243]
[ 0.01247  0.01141  0.01197  0.01221  0.01233  0.0124   0.01243  0.01245  0.01246  0.01246  0.01247  0.01247  0.01247
  0.01247  0.01247  0.01247  0.01247  0.01247  0.01247  0.01247  0.01247]
[ 0.01241  0.0114   0.01195  0.01218  0.01229  0.01235  0.01238  0.01239  0.0124   0.0124   0.0124   0.0124   0.01241
  0.01241  0.01241  0.01241  0.01241  0.01241  0.01241  0.01241  0.01241]
[ 0.01246  0.01139  0.01195  0.01219  0.01232  0.01238  0.01241  0.01243  0.01244  0.01245  0.01246  0.01246  0.01246
  0.01246  0.01246  0.01246  0.01246  0.01246  0.01246  0.01246  0.01246]
[ 0.01242  0.01141  0.01196  0.0122   0.01231  0.01236  0.01239  0.0124   0.01241  0.01241  0.01242  0.01242  0.01242
  0.01242  0.01242  0.01242  0.01242  0.01242  0.01242  0.01242  0.01242]
[ 0.01248  0.01141  0.01197  0.01222  0.01234  0.0124   0.01243  0.01245  0.01246  0.01247  0.01247  0.01248  0.01248
  0.01248  0.01248  0.01248  0.01248  0.01248  0.01248  0.01248  0.01248]
[ 0.01238  0.01138  0.01191  0.01215  0.01226  0.01232  0.01234  0.01236  0.01237  0.01237  0.01238  0.01238  0.01238
  0.01238  0.01238  0.01238  0.01238  0.01238  0.01238  0.01238  0.01238]
[ 0.01252  0.01143  0.012    0.01226  0.01238  0.01244  0.01248  0.01249  0.0125   0.01251  0.01251  0.01251  0.01252
  0.01252  0.01252  0.01252  0.01252  0.01252  0.01252  0.01252  0.01252]
[ 0.01239  0.01138  0.01191  0.01215  0.01226  0.01231  0.01234  0.01236  0.01237  0.01238  0.01238  0.01238  0.01238
  0.01239  0.01239  0.01239  0.01239  0.01239  0.01239  0.01239  0.01239]
[ 0.01247  0.01141  0.01197  0.01222  0.01234  0.0124   0.01243  0.01245  0.01246  0.01246  0.01246  0.01247  0.01247
  0.01247  0.01247  0.01247  0.01247  0.01247  0.01247  0.01247  0.01247]
[ 0.01246  0.01141  0.01196  0.0122   0.01232  0.01238  0.01241  0.01243  0.01244  0.01245  0.01246  0.01246  0.01246
  0.01246  0.01246  0.01246  0.01246  0.01246  0.01246  0.01246  0.01246]
[ 0.01241  0.0114   0.01194  0.01218  0.01229  0.01235  0.01238  0.01239  0.0124   0.0124   0.01241  0.01241  0.01241
  0.01241  0.01241  0.01241  0.01241  0.01241  0.01241  0.01241  0.01241]
500.0 20
