[ 0.00544  0.00535  0.00542  0.00543  0.00544  0.00544  0.00544  0.00544  0.00544  0.00544  0.00544]
[ 0.00509  0.00508  0.00509  0.00509  0.00509  0.00509  0.00509  0.00509  0.00509  0.00509  0.00509]
[ 0.0056   0.00547  0.00557  0.00559  0.0056   0.0056   0.0056   0.0056   0.0056   0.0056   0.0056 ]
[ 0.00544  0.00535  0.00542  0.00543  0.00544  0.00544  0.00544  0.00544  0.00544  0.00544  0.00544]
[ 0.00536  0.00529  0.00535  0.00536  0.00536  0.00536  0.00536  0.00536  0.00536  0.00536  0.00536]
[ 0.00553  0.00541  0.0055   0.00553  0.00553  0.00553  0.00553  0.00553  0.00553  0.00553  0.00553]
[ 0.00537  0.00531  0.00536  0.00537  0.00537  0.00537  0.00537  0.00537  0.00537  0.00537  0.00537]
[ 0.00546  0.00536  0.00544  0.00546  0.00546  0.00546  0.00546  0.00546  0.00546  0.00546  0.00546]
[ 0.00544  0.00536  0.00543  0.00544  0.00544  0.00544  0.00544  0.00544  0.00544  0.00544  0.00544]
[ 0.00543  0.00534  0.00541  0.00543  0.00543  0.00543  0.00543  0.00543  0.00543  0.00543  0.00543]
1000.0 10
