[ 4.9942  4.9942  4.9942  4.9942  4.9942  4.9942  4.9942  4.9942  4.9942  4.9942  4.9942  4.9942  4.9942  4.9942  4.9942
  4.9942  4.9942  4.9942  4.9942  4.9942]
[ 4.77998  4.77998  4.77998  4.77998  4.77998  4.77998  4.77998  4.77998  4.77998  4.77998  4.77998  4.77998  4.77998
  4.77998  4.77998  4.77998  4.77998  4.77998  4.77998  4.77998]
[ 4.96689  4.96689  4.96689  4.96689  4.96689  4.96689  4.96689  4.96689  4.96689  4.96689  4.96689  4.96689  4.96689
  4.96689  4.96689  4.96689  4.96689  4.96689  4.96689  4.96689]
[ 4.98158  4.98158  4.98158  4.98158  4.98158  4.98158  4.98158  4.98158  4.98158  4.98158  4.98158  4.98158  4.98158
  4.98158  4.98158  4.98158  4.98158  4.98158  4.98158  4.98158]
[ 4.96428  4.96428  4.96428  4.96428  4.96428  4.96428  4.96428  4.96428  4.96428  4.96428  4.96428  4.96428  4.96428
  4.96428  4.96428  4.96428  4.96428  4.96428  4.96428  4.96428]
[ 4.93552  4.93552  4.93552  4.93552  4.93552  4.93552  4.93552  4.93552  4.93552  4.93552  4.93552  4.93552  4.93552
  4.93552  4.93552  4.93552  4.93552  4.93552  4.93552  4.93552]
[ 4.99589  4.99589  4.99589  4.99589  4.99589  4.99589  4.99589  4.99589  4.99589  4.99589  4.99589  4.99589  4.99589
  4.99589  4.99589  4.99589  4.99589  4.99589  4.99589  4.99589]
[ 4.96053  4.96053  4.96053  4.96053  4.96053  4.96053  4.96053  4.96053  4.96053  4.96053  4.96053  4.96053  4.96053
  4.96053  4.96053  4.96053  4.96053  4.96053  4.96053  4.96053]
[ 4.96372  4.96372  4.96372  4.96372  4.96372  4.96372  4.96372  4.96372  4.96372  4.96372  4.96372  4.96372  4.96372
  4.96372  4.96372  4.96372  4.96372  4.96372  4.96372  4.96372]
[ 4.93076  4.93076  4.93076  4.93076  4.93076  4.93076  4.93076  4.93076  4.93076  4.93076  4.93076  4.93076  4.93076
  4.93076  4.93076  4.93076  4.93076  4.93076  4.93076  4.93076]
[ 4.99885  4.99885  4.99885  4.99885  4.99885  4.99885  4.99885  4.99885  4.99885  4.99885  4.99885  4.99885  4.99885
  4.99885  4.99885  4.99885  4.99885  4.99885  4.99885  4.99885]
[ 4.99996  4.99996  4.99996  4.99996  4.99996  4.99996  4.99996  4.99996  4.99996  4.99996  4.99996  4.99996  4.99996
  4.99996  4.99996  4.99996  4.99996  4.99996  4.99996  4.99996]
[ 4.92758  4.92758  4.92758  4.92758  4.92758  4.92758  4.92758  4.92758  4.92758  4.92758  4.92758  4.92758  4.92758
  4.92758  4.92758  4.92758  4.92758  4.92758  4.92758  4.92758]
[ 4.97212  4.97212  4.97212  4.97212  4.97212  4.97212  4.97212  4.97212  4.97212  4.97212  4.97212  4.97212  4.97212
  4.97212  4.97212  4.97212  4.97212  4.97212  4.97212  4.97212]
[ 4.99183  4.99183  4.99183  4.99183  4.99183  4.99183  4.99183  4.99183  4.99183  4.99183  4.99183  4.99183  4.99183
  4.99183  4.99183  4.99183  4.99183  4.99183  4.99183  4.99183]
[ 4.94219  4.94219  4.94219  4.94219  4.94219  4.94219  4.94219  4.94219  4.94219  4.94219  4.94219  4.94219  4.94219
  4.94219  4.94219  4.94219  4.94219  4.94219  4.94219  4.94219]
[ 4.95209  4.95209  4.95209  4.95209  4.95209  4.95209  4.95209  4.95209  4.95209  4.95209  4.95209  4.95209  4.95209
  4.95209  4.95209  4.95209  4.95209  4.95209  4.95209  4.95209]
[ 4.93169  4.93169  4.93169  4.93169  4.93169  4.93169  4.93169  4.93169  4.93169  4.93169  4.93169  4.93169  4.93169
  4.93169  4.93169  4.93169  4.93169  4.93169  4.93169  4.93169]
[ 4.82842  4.82842  4.82842  4.82842  4.82842  4.82842  4.82842  4.82842  4.82842  4.82842  4.82842  4.82842  4.82842
  4.82842  4.82842  4.82842  4.82842  4.82842  4.82842  4.82842]
[ 4.85273  4.85273  4.85273  4.85273  4.85273  4.85273  4.85273  4.85273  4.85273  4.85273  4.85273  4.85273  4.85273
  4.85273  4.85273  4.85273  4.85273  4.85273  4.85273  4.85273]
[ 4.73723  4.73723  4.73723  4.73723  4.73723  4.73723  4.73723  4.73723  4.73723  4.73723  4.73723  4.73723  4.73723
  4.73723  4.73723  4.73723  4.73723  4.73723  4.73723  4.73723]
[ 4.38925  4.38925  4.38925  4.38925  4.38925  4.38925  4.38925  4.38925  4.38925  4.38925  4.38925  4.38925  4.38925
  4.38925  4.38925  4.38925  4.38925  4.38925  4.38925  4.38925]
[ 4.98688  4.98688  4.98688  4.98688  4.98688  4.98688  4.98688  4.98688  4.98688  4.98688  4.98688  4.98688  4.98688
  4.98688  4.98688  4.98688  4.98688  4.98688  4.98688  4.98688]
[ 4.9041  4.9041  4.9041  4.9041  4.9041  4.9041  4.9041  4.9041  4.9041  4.9041  4.9041  4.9041  4.9041  4.9041  4.9041
  4.9041  4.9041  4.9041  4.9041  4.9041]
[ 4.75949  4.75949  4.75949  4.75949  4.75949  4.75949  4.75949  4.75949  4.75949  4.75949  4.75949  4.75949  4.75949
  4.75949  4.75949  4.75949  4.75949  4.75949  4.75949  4.75949]
[ 4.73286  4.73286  4.73286  4.73286  4.73286  4.73286  4.73286  4.73286  4.73286  4.73286  4.73286  4.73286  4.73286
  4.73286  4.73286  4.73286  4.73286  4.73286  4.73286  4.73286]
[ 4.72264  4.72264  4.72264  4.72264  4.72264  4.72264  4.72264  4.72264  4.72264  4.72264  4.72264  4.72264  4.72264
  4.72264  4.72264  4.72264  4.72264  4.72264  4.72264  4.72264]
[ 4.98251  4.98251  4.98251  4.98251  4.98251  4.98251  4.98251  4.98251  4.98251  4.98251  4.98251  4.98251  4.98251
  4.98251  4.98251  4.98251  4.98251  4.98251  4.98251  4.98251]
[ 4.36292  4.36292  4.36292  4.36292  4.36292  4.36292  4.36292  4.36292  4.36292  4.36292  4.36292  4.36292  4.36292
  4.36292  4.36292  4.36292  4.36292  4.36292  4.36292  4.36292]
[ 4.99813  4.99813  4.99813  4.99813  4.99813  4.99813  4.99813  4.99813  4.99813  4.99813  4.99813  4.99813  4.99813
  4.99813  4.99813  4.99813  4.99813  4.99813  4.99813  4.99813]
[ 4.87365  4.87365  4.87365  4.87365  4.87365  4.87365  4.87365  4.87365  4.87365  4.87365  4.87365  4.87365  4.87365
  4.87365  4.87365  4.87365  4.87365  4.87365  4.87365  4.87365]
[ 4.63352  4.63352  4.63352  4.63352  4.63352  4.63352  4.63352  4.63352  4.63352  4.63352  4.63352  4.63352  4.63352
  4.63352  4.63352  4.63352  4.63352  4.63352  4.63352  4.63352]
[ 3.47011  3.47011  3.47011  3.47011  3.47011  3.47011  3.47011  3.47011  3.47011  3.47011  3.47011  3.47011  3.47011
  3.47011  3.47011  3.47011  3.47011  3.47011  3.47011  3.47011]
[ 3.61267  3.61267  3.61267  3.61267  3.61267  3.61267  3.61267  3.61267  3.61267  3.61267  3.61267  3.61267  3.61267
  3.61267  3.61267  3.61267  3.61267  3.61267  3.61267  3.61267]
[ 4.77574  4.77574  4.77574  4.77574  4.77574  4.77574  4.77574  4.77574  4.77574  4.77574  4.77574  4.77574  4.77574
  4.77574  4.77574  4.77574  4.77574  4.77574  4.77574  4.77574]
[ 4.99584  4.99584  4.99584  4.99584  4.99584  4.99584  4.99584  4.99584  4.99584  4.99584  4.99584  4.99584  4.99584
  4.99584  4.99584  4.99584  4.99584  4.99584  4.99584  4.99584]
[ 4.66742  4.66742  4.66742  4.66742  4.66742  4.66742  4.66742  4.66742  4.66742  4.66742  4.66742  4.66742  4.66742
  4.66742  4.66742  4.66742  4.66742  4.66742  4.66742  4.66742]
[ 4.87752  4.87752  4.87752  4.87752  4.87752  4.87752  4.87752  4.87752  4.87752  4.87752  4.87752  4.87752  4.87752
  4.87752  4.87752  4.87752  4.87752  4.87752  4.87752  4.87752]
[ 4.96264  4.96264  4.96264  4.96264  4.96264  4.96264  4.96264  4.96264  4.96264  4.96264  4.96264  4.96264  4.96264
  4.96264  4.96264  4.96264  4.96264  4.96264  4.96264  4.96264]
[ 1.73475  1.73475  1.73475  1.73475  1.73475  1.73475  1.73475  1.73475  1.73475  1.73475  1.73475  1.73475  1.73475
  1.73475  1.73475  1.73475  1.73475  1.73475  1.73475  1.73475]
[ 4.70191  4.70191  4.70191  4.70191  4.70191  4.70191  4.70191  4.70191  4.70191  4.70191  4.70191  4.70191  4.70191
  4.70191  4.70191  4.70191  4.70191  4.70191  4.70191  4.70191]
[ 1.7985  1.7985  1.7985  1.7985  1.7985  1.7985  1.7985  1.7985  1.7985  1.7985  1.7985  1.7985  1.7985  1.7985  1.7985
  1.7985  1.7985  1.7985  1.7985  1.7985]
[ 4.78969  4.78969  4.78969  4.78969  4.78969  4.78969  4.78969  4.78969  4.78969  4.78969  4.78969  4.78969  4.78969
  4.78969  4.78969  4.78969  4.78969  4.78969  4.78969  4.78969]
[ 4.98228  4.98228  4.98228  4.98228  4.98228  4.98228  4.98228  4.98228  4.98228  4.98228  4.98228  4.98228  4.98228
  4.98228  4.98228  4.98228  4.98228  4.98228  4.98228  4.98228]
[ 4.5292  4.5292  4.5292  4.5292  4.5292  4.5292  4.5292  4.5292  4.5292  4.5292  4.5292  4.5292  4.5292  4.5292  4.5292
  4.5292  4.5292  4.5292  4.5292  4.5292]
[ 4.50257  4.50257  4.50257  4.50257  4.50257  4.50257  4.50257  4.50257  4.50257  4.50257  4.50257  4.50257  4.50257
  4.50257  4.50257  4.50257  4.50257  4.50257  4.50257  4.50257]
[ 4.86487  4.86487  4.86487  4.86487  4.86487  4.86487  4.86487  4.86487  4.86487  4.86487  4.86487  4.86487  4.86487
  4.86487  4.86487  4.86487  4.86487  4.86487  4.86487  4.86487]
[ 4.98184  4.98184  4.98184  4.98184  4.98184  4.98184  4.98184  4.98184  4.98184  4.98184  4.98184  4.98184  4.98184
  4.98184  4.98184  4.98184  4.98184  4.98184  4.98184  4.98184]
[ 4.93529  4.93529  4.93529  4.93529  4.93529  4.93529  4.93529  4.93529  4.93529  4.93529  4.93529  4.93529  4.93529
  4.93529  4.93529  4.93529  4.93529  4.93529  4.93529  4.93529]
[ 4.99994  4.99994  4.99994  4.99994  4.99994  4.99994  4.99994  4.99994  4.99994  4.99994  4.99994  4.99994  4.99994
  4.99994  4.99994  4.99994  4.99994  4.99994  4.99994  4.99994]
0.0 20
